0.003305517569130573 0
0.8297668924698463 14
0.9525572795134324 159
0.9572711953750024 179
0.9659232130417457 230
0.9742360940346351 308
0.9589569431084853 41
0.9756824099100553 304
0.9783552472408001 327
0.9760179015306326 335
0.9760875747754023 291
0.9778915001795843 322
0.9795236725073594 354
0.9807800925694979 373
0.981168806552887 370
0.9823751357885507 373
0.9804989466300378 337
0.98205893773299 347
0.9815366314007685 359
0.9825873145690331 375
0.98254721898299 389
0.9841942741320684 393
0.9828394880661597 370
0.983446153310629 386
0.9842811364393967 388
0.9851918999965374 399
0.9804319831041189 282
0.9831297397613525 372
0.9842660243694599 382
0.9802347192397485 285
0.9846457242965698 399
0.9835661282906165 382
0.9862351830189044 400
0.9854322488491352 393
0.9855899398143475 401
0.9845507282477158 384
0.9846544678394611 378
0.9869397007502042 392
0.9861800762323233 401
0.9865303543897775 400
0.9852993488311768 392
0.9866617321968079 407
0.9868091940879822 381
0.9863377855374262 397
0.9863295142467206 406
0.9862000712981591 414
0.9860765200394851 407
0.9865981477957505 402
0.9851833490224985 400
0.9864503970512977 398
0.9864088296890259 402
0.988189697265625 418
0.9871935019126306 400
0.9876691836577195 407
0.9849290343431326 396
0.9847922646082364 398
0.9867048080150898 416
0.9857680109831003 411
0.9865756264099708 411
0.9856302829889151 394
0.9862357653104342 390
0.9869831479512728 410
0.986426578118251 407
0.9850623745184678 390
0.9854119924398569 386
0.9854842516092154 389
0.9867039964749262 401
0.9867561459541321 406
0.9856717311418973 401
0.9871396605785077 411
0.987313238474039 410
0.9878884920707116 414
0.9877751423762395 418
0.9867494564789993 400
0.9868789315223694 408
0.9874181747436523 410
0.9856640329727759 368
0.9879029851693374 416
0.987177876325754 417
0.9878397767360394 418
0.9862311895077045 391
0.9872044508273785 407
0.9879903885034415 401
0.9883547333570627 422
0.9880056014427772 410
0.9885349686329181 418
0.9883060455322266 423
0.9871638554793137 405
0.9872790483328012 415
0.9880797266960144 415
0.9876863543803875 410
0.9871803705508893 417
0.9888040927740244 424
0.9877831202286941 418
0.9888339776259202 423
0.9884201104824359 416
0.9888524458958552 417
0.9870094932042636 398
0.9883408546447754 417
0.9873597942865812 408
0.9888019928565392 415
0.9892977888767536 413
0.9885299435028663 411
0.9884066398327167 416
0.9872705248685983 378
